13 1695203773 1,000000 1 1,000000 1,000000 1,000000
14 1695203773 0,000000 1 0,000000 0,000000 0,000000
15 1695203773 0,000000 1 0,000000 0,000000 0,000000
16 1695203773 0,000000 1 0,000000 0,000000 0,000000
13 1695203774 1,000000 1 1,000000 1,000000 1,000000
14 1695203774 0,000000 1 0,000000 0,000000 0,000000
15 1695203774 0,000000 1 0,000000 0,000000 0,000000
16 1695203774 0,000000 1 0,000000 0,000000 0,000000
13 1695203775 1,000000 1 1,000000 1,000000 1,000000
14 1695203775 0,000000 1 0,000000 0,000000 0,000000
15 1695203775 0,000000 1 0,000000 0,000000 0,000000
16 1695203775 0,000000 1 0,000000 0,000000 0,000000
13 1695203776 1,000000 1 1,000000 1,000000 1,000000
14 1695203776 0,000000 1 0,000000 0,000000 0,000000
15 1695203776 0,000000 1 0,000000 0,000000 0,000000
16 1695203776 0,000000 1 0,000000 0,000000 0,000000
13 1695203777 1,000000 1 1,000000 1,000000 1,000000
14 1695203777 0,000000 1 0,000000 0,000000 0,000000
15 1695203777 0,000000 1 0,000000 0,000000 0,000000
16 1695203777 0,000000 1 0,000000 0,000000 0,000000
13 1695203778 1,000000 1 1,000000 1,000000 1,000000
14 1695203778 0,000000 1 0,000000 0,000000 0,000000
15 1695203778 0,000000 1 0,000000 0,000000 0,000000
16 1695203778 0,000000 1 0,000000 0,000000 0,000000
13 1695203779 1,000000 1 1,000000 1,000000 1,000000
14 1695203779 0,000000 1 0,000000 0,000000 0,000000
15 1695203779 0,000000 1 0,000000 0,000000 0,000000
16 1695203779 0,000000 1 0,000000 0,000000 0,000000
13 1695203780 1,000000 1 1,000000 1,000000 1,000000
14 1695203780 0,000000 1 0,000000 0,000000 0,000000
15 1695203780 0,000000 1 0,000000 0,000000 0,000000
16 1695203780 0,000000 1 0,000000 0,000000 0,000000
13 1695203781 1,000000 1 1,000000 1,000000 1,000000
14 1695203781 0,000000 1 0,000000 0,000000 0,000000
15 1695203781 0,000000 1 0,000000 0,000000 0,000000
16 1695203781 0,000000 1 0,000000 0,000000 0,000000
13 1695203782 1,000000 1 1,000000 1,000000 1,000000
14 1695203782 0,000000 1 0,000000 0,000000 0,000000
15 1695203782 0,000000 1 0,000000 0,000000 0,000000
16 1695203782 0,000000 1 0,000000 0,000000 0,000000
13 1695203783 1,000000 1 1,000000 1,000000 1,000000
14 1695203783 0,000000 1 0,000000 0,000000 0,000000
15 1695203783 0,000000 1 0,000000 0,000000 0,000000
16 1695203783 0,000000 1 0,000000 0,000000 0,000000
13 1695203784 1,000000 1 1,000000 1,000000 1,000000
14 1695203784 0,000000 1 0,000000 0,000000 0,000000
15 1695203784 0,000000 1 0,000000 0,000000 0,000000
16 1695203784 0,000000 1 0,000000 0,000000 0,000000
13 1695203785 1,000000 1 1,000000 1,000000 1,000000
14 1695203785 0,000000 1 0,000000 0,000000 0,000000
15 1695203785 0,000000 1 0,000000 0,000000 0,000000
16 1695203785 0,000000 1 0,000000 0,000000 0,000000
13 1695203786 2,000000 1 2,000000 2,000000 2,000000
14 1695203786 0,000000 1 0,000000 0,000000 0,000000
15 1695203786 0,000000 1 0,000000 0,000000 0,000000
16 1695203786 0,000000 1 0,000000 0,000000 0,000000
13 1695203787 2,000000 1 2,000000 2,000000 2,000000
14 1695203787 0,000000 1 0,000000 0,000000 0,000000
15 1695203787 0,000000 1 0,000000 0,000000 0,000000
16 1695203787 0,000000 1 0,000000 0,000000 0,000000
13 1695203788 2,000000 1 2,000000 2,000000 2,000000
14 1695203788 0,000000 1 0,000000 0,000000 0,000000
15 1695203788 0,000000 1 0,000000 0,000000 0,000000
16 1695203788 0,000000 1 0,000000 0,000000 0,000000
13 1695203789 2,000000 1 2,000000 2,000000 2,000000
14 1695203789 0,000000 1 0,000000 0,000000 0,000000
15 1695203789 0,000000 1 0,000000 0,000000 0,000000
16 1695203789 0,000000 1 0,000000 0,000000 0,000000
13 1695203790 2,000000 1 2,000000 2,000000 2,000000
14 1695203790 0,000000 1 0,000000 0,000000 0,000000
15 1695203790 0,000000 1 0,000000 0,000000 0,000000
16 1695203790 0,000000 1 0,000000 0,000000 0,000000
13 1695203791 2,000000 1 2,000000 2,000000 2,000000
14 1695203791 0,000000 1 0,000000 0,000000 0,000000
15 1695203791 0,000000 1 0,000000 0,000000 0,000000
16 1695203791 0,000000 1 0,000000 0,000000 0,000000
13 1695203792 2,000000 1 2,000000 2,000000 2,000000
14 1695203792 0,000000 1 0,000000 0,000000 0,000000
15 1695203792 0,000000 1 0,000000 0,000000 0,000000
16 1695203792 0,000000 1 0,000000 0,000000 0,000000
13 1695203793 2,000000 1 2,000000 2,000000 2,000000
14 1695203793 0,000000 1 0,000000 0,000000 0,000000
15 1695203793 0,000000 1 0,000000 0,000000 0,000000
16 1695203793 0,000000 1 0,000000 0,000000 0,000000
13 1695203795 2,000000 1 2,000000 2,000000 2,000000
14 1695203795 0,000000 1 0,000000 0,000000 0,000000
15 1695203795 0,000000 1 0,000000 0,000000 0,000000
16 1695203795 0,000000 1 0,000000 0,000000 0,000000
13 1695203796 2,000000 1 2,000000 2,000000 2,000000
14 1695203796 0,000000 1 0,000000 0,000000 0,000000
15 1695203796 0,000000 1 0,000000 0,000000 0,000000
16 1695203796 0,000000 1 0,000000 0,000000 0,000000
13 1695203797 2,000000 1 2,000000 2,000000 2,000000
14 1695203797 0,000000 1 0,000000 0,000000 0,000000
15 1695203797 0,000000 1 0,000000 0,000000 0,000000
16 1695203797 0,000000 1 0,000000 0,000000 0,000000
13 1695203798 2,000000 1 2,000000 2,000000 2,000000
14 1695203798 0,000000 1 0,000000 0,000000 0,000000
15 1695203798 0,000000 1 0,000000 0,000000 0,000000
16 1695203798 0,000000 1 0,000000 0,000000 0,000000
13 1695203799 2,000000 1 2,000000 2,000000 2,000000
14 1695203799 0,000000 1 0,000000 0,000000 0,000000
15 1695203799 0,000000 1 0,000000 0,000000 0,000000
16 1695203799 0,000000 1 0,000000 0,000000 0,000000
13 1695203800 2,000000 1 2,000000 2,000000 2,000000
14 1695203800 0,000000 1 0,000000 0,000000 0,000000
15 1695203800 0,000000 1 0,000000 0,000000 0,000000
16 1695203800 0,000000 1 0,000000 0,000000 0,000000
13 1695203801 2,000000 1 2,000000 2,000000 2,000000
14 1695203801 0,000000 1 0,000000 0,000000 0,000000
15 1695203801 0,000000 1 0,000000 0,000000 0,000000
16 1695203801 0,000000 1 0,000000 0,000000 0,000000
13 1695203802 2,000000 1 2,000000 2,000000 2,000000
14 1695203802 0,000000 1 0,000000 0,000000 0,000000
15 1695203802 0,000000 1 0,000000 0,000000 0,000000
16 1695203802 0,000000 1 0,000000 0,000000 0,000000
13 1695203803 2,000000 1 2,000000 2,000000 2,000000
14 1695203803 0,000000 1 0,000000 0,000000 0,000000
15 1695203803 0,000000 1 0,000000 0,000000 0,000000
16 1695203803 0,000000 1 0,000000 0,000000 0,000000
13 1695203804 2,000000 1 2,000000 2,000000 2,000000
14 1695203804 0,000000 1 0,000000 0,000000 0,000000
15 1695203804 0,000000 1 0,000000 0,000000 0,000000
16 1695203804 0,000000 1 0,000000 0,000000 0,000000
13 1695203805 2,000000 1 2,000000 2,000000 2,000000
14 1695203805 0,000000 1 0,000000 0,000000 0,000000
15 1695203805 0,000000 1 0,000000 0,000000 0,000000
16 1695203805 0,000000 1 0,000000 0,000000 0,000000
13 1695203806 2,000000 1 2,000000 2,000000 2,000000
14 1695203806 0,000000 1 0,000000 0,000000 0,000000
15 1695203806 0,000000 1 0,000000 0,000000 0,000000
16 1695203806 0,000000 1 0,000000 0,000000 0,000000
13 1695203807 2,000000 1 2,000000 2,000000 2,000000
14 1695203807 0,000000 1 0,000000 0,000000 0,000000
15 1695203807 0,000000 1 0,000000 0,000000 0,000000
16 1695203807 0,000000 1 0,000000 0,000000 0,000000
13 1695203808 2,000000 1 2,000000 2,000000 2,000000
14 1695203808 0,000000 1 0,000000 0,000000 0,000000
15 1695203808 0,000000 1 0,000000 0,000000 0,000000
16 1695203808 0,000000 1 0,000000 0,000000 0,000000
13 1695203809 2,000000 1 2,000000 2,000000 2,000000
14 1695203809 0,000000 1 0,000000 0,000000 0,000000
15 1695203809 0,000000 1 0,000000 0,000000 0,000000
16 1695203809 0,000000 1 0,000000 0,000000 0,000000
13 1695203810 2,000000 1 2,000000 2,000000 2,000000
14 1695203810 0,000000 1 0,000000 0,000000 0,000000
15 1695203810 0,000000 1 0,000000 0,000000 0,000000
16 1695203810 0,000000 1 0,000000 0,000000 0,000000
13 1695203811 2,000000 1 2,000000 2,000000 2,000000
14 1695203811 0,000000 1 0,000000 0,000000 0,000000
15 1695203811 0,000000 1 0,000000 0,000000 0,000000
16 1695203811 0,000000 1 0,000000 0,000000 0,000000
13 1695203812 2,000000 1 2,000000 2,000000 2,000000
14 1695203812 0,000000 1 0,000000 0,000000 0,000000
15 1695203812 0,000000 1 0,000000 0,000000 0,000000
16 1695203812 0,000000 1 0,000000 0,000000 0,000000
13 1695203813 2,000000 1 2,000000 2,000000 2,000000
14 1695203813 0,000000 1 0,000000 0,000000 0,000000
15 1695203813 0,000000 1 0,000000 0,000000 0,000000
16 1695203813 0,000000 1 0,000000 0,000000 0,000000
13 1695203814 2,000000 1 2,000000 2,000000 2,000000
14 1695203814 0,000000 1 0,000000 0,000000 0,000000
15 1695203814 0,000000 1 0,000000 0,000000 0,000000
16 1695203814 0,000000 1 0,000000 0,000000 0,000000
13 1695203815 2,000000 1 2,000000 2,000000 2,000000
14 1695203815 0,000000 1 0,000000 0,000000 0,000000
15 1695203815 0,000000 1 0,000000 0,000000 0,000000
16 1695203815 0,000000 1 0,000000 0,000000 0,000000
13 1695203816 2,000000 1 2,000000 2,000000 2,000000
14 1695203816 0,000000 1 0,000000 0,000000 0,000000
15 1695203816 0,000000 1 0,000000 0,000000 0,000000
16 1695203816 0,000000 1 0,000000 0,000000 0,000000
13 1695203817 2,000000 1 2,000000 2,000000 2,000000
14 1695203817 0,000000 1 0,000000 0,000000 0,000000
15 1695203817 0,000000 1 0,000000 0,000000 0,000000
16 1695203817 0,000000 1 0,000000 0,000000 0,000000
13 1695203818 2,000000 1 2,000000 2,000000 2,000000
14 1695203818 0,000000 1 0,000000 0,000000 0,000000
15 1695203818 0,000000 1 0,000000 0,000000 0,000000
16 1695203818 0,000000 1 0,000000 0,000000 0,000000
13 1695203819 2,000000 1 2,000000 2,000000 2,000000
14 1695203819 0,000000 1 0,000000 0,000000 0,000000
15 1695203819 0,000000 1 0,000000 0,000000 0,000000
16 1695203819 0,000000 1 0,000000 0,000000 0,000000
13 1695203820 2,000000 1 2,000000 2,000000 2,000000
14 1695203820 0,000000 1 0,000000 0,000000 0,000000
15 1695203820 0,000000 1 0,000000 0,000000 0,000000
16 1695203820 0,000000 1 0,000000 0,000000 0,000000
13 1695203821 2,000000 1 2,000000 2,000000 2,000000
14 1695203821 0,000000 1 0,000000 0,000000 0,000000
15 1695203821 0,000000 1 0,000000 0,000000 0,000000
16 1695203821 0,000000 1 0,000000 0,000000 0,000000
13 1695203822 2,000000 1 2,000000 2,000000 2,000000
14 1695203822 0,000000 1 0,000000 0,000000 0,000000
15 1695203822 0,000000 1 0,000000 0,000000 0,000000
16 1695203822 0,000000 1 0,000000 0,000000 0,000000
13 1695203823 2,000000 1 2,000000 2,000000 2,000000
14 1695203823 0,000000 1 0,000000 0,000000 0,000000
15 1695203823 0,000000 1 0,000000 0,000000 0,000000
16 1695203823 0,000000 1 0,000000 0,000000 0,000000
13 1695203824 2,000000 1 2,000000 2,000000 2,000000
14 1695203824 0,000000 1 0,000000 0,000000 0,000000
15 1695203824 0,000000 1 0,000000 0,000000 0,000000
16 1695203824 0,000000 1 0,000000 0,000000 0,000000
13 1695203825 2,000000 1 2,000000 2,000000 2,000000
14 1695203825 0,000000 1 0,000000 0,000000 0,000000
15 1695203825 0,000000 1 0,000000 0,000000 0,000000
16 1695203825 0,000000 1 0,000000 0,000000 0,000000
13 1695203826 2,000000 1 2,000000 2,000000 2,000000
14 1695203826 0,000000 1 0,000000 0,000000 0,000000
15 1695203826 0,000000 1 0,000000 0,000000 0,000000
16 1695203826 0,000000 1 0,000000 0,000000 0,000000
13 1695203827 2,000000 1 2,000000 2,000000 2,000000
14 1695203827 0,000000 1 0,000000 0,000000 0,000000
15 1695203827 0,000000 1 0,000000 0,000000 0,000000
16 1695203827 0,000000 1 0,000000 0,000000 0,000000
13 1695203828 2,000000 1 2,000000 2,000000 2,000000
14 1695203828 0,000000 1 0,000000 0,000000 0,000000
15 1695203828 0,000000 1 0,000000 0,000000 0,000000
16 1695203828 0,000000 1 0,000000 0,000000 0,000000
13 1695203829 2,000000 1 2,000000 2,000000 2,000000
14 1695203829 0,000000 1 0,000000 0,000000 0,000000
15 1695203829 0,000000 1 0,000000 0,000000 0,000000
16 1695203829 0,000000 1 0,000000 0,000000 0,000000
13 1695203830 2,000000 1 2,000000 2,000000 2,000000
14 1695203830 0,000000 1 0,000000 0,000000 0,000000
15 1695203830 0,000000 1 0,000000 0,000000 0,000000
16 1695203830 0,000000 1 0,000000 0,000000 0,000000
13 1695203831 2,000000 1 2,000000 2,000000 2,000000
14 1695203831 0,000000 1 0,000000 0,000000 0,000000
15 1695203831 0,000000 1 0,000000 0,000000 0,000000
16 1695203831 0,000000 1 0,000000 0,000000 0,000000
13 1695203832 2,000000 1 2,000000 2,000000 2,000000
14 1695203832 0,000000 1 0,000000 0,000000 0,000000
15 1695203832 0,000000 1 0,000000 0,000000 0,000000
16 1695203832 0,000000 1 0,000000 0,000000 0,000000
13 1695203833 2,000000 1 2,000000 2,000000 2,000000
14 1695203833 0,000000 1 0,000000 0,000000 0,000000
15 1695203833 0,000000 1 0,000000 0,000000 0,000000
16 1695203833 0,000000 1 0,000000 0,000000 0,000000
13 1695203834 2,000000 1 2,000000 2,000000 2,000000
14 1695203834 0,000000 1 0,000000 0,000000 0,000000
15 1695203834 0,000000 1 0,000000 0,000000 0,000000
16 1695203834 0,000000 1 0,000000 0,000000 0,000000
13 1695203835 2,000000 1 2,000000 2,000000 2,000000
14 1695203835 0,000000 1 0,000000 0,000000 0,000000
15 1695203835 0,000000 1 0,000000 0,000000 0,000000
16 1695203835 0,000000 1 0,000000 0,000000 0,000000
13 1695203836 2,000000 1 2,000000 2,000000 2,000000
14 1695203836 0,000000 1 0,000000 0,000000 0,000000
15 1695203836 0,000000 1 0,000000 0,000000 0,000000
16 1695203836 0,000000 1 0,000000 0,000000 0,000000
13 1695203837 2,000000 1 2,000000 2,000000 2,000000
14 1695203837 0,000000 1 0,000000 0,000000 0,000000
15 1695203837 0,000000 1 0,000000 0,000000 0,000000
16 1695203837 0,000000 1 0,000000 0,000000 0,000000
13 1695203838 2,000000 1 2,000000 2,000000 2,000000
14 1695203838 0,000000 1 0,000000 0,000000 0,000000
15 1695203838 0,000000 1 0,000000 0,000000 0,000000
16 1695203838 0,000000 1 0,000000 0,000000 0,000000
13 1695203839 2,000000 1 2,000000 2,000000 2,000000
14 1695203839 0,000000 1 0,000000 0,000000 0,000000
15 1695203839 0,000000 1 0,000000 0,000000 0,000000
16 1695203839 0,000000 1 0,000000 0,000000 0,000000
13 1695203840 2,000000 1 2,000000 2,000000 2,000000
14 1695203840 0,000000 1 0,000000 0,000000 0,000000
15 1695203840 0,000000 1 0,000000 0,000000 0,000000
16 1695203840 0,000000 1 0,000000 0,000000 0,000000
13 1695203841 2,000000 1 2,000000 2,000000 2,000000
14 1695203841 0,000000 1 0,000000 0,000000 0,000000
15 1695203841 0,000000 1 0,000000 0,000000 0,000000
16 1695203841 0,000000 1 0,000000 0,000000 0,000000
13 1695203842 2,000000 1 2,000000 2,000000 2,000000
14 1695203842 0,000000 1 0,000000 0,000000 0,000000
15 1695203842 0,000000 1 0,000000 0,000000 0,000000
16 1695203842 0,000000 1 0,000000 0,000000 0,000000
13 1695203843 2,000000 1 2,000000 2,000000 2,000000
14 1695203843 0,000000 1 0,000000 0,000000 0,000000
15 1695203843 0,000000 1 0,000000 0,000000 0,000000
16 1695203843 0,000000 1 0,000000 0,000000 0,000000
13 1695203844 2,000000 1 2,000000 2,000000 2,000000
14 1695203844 0,000000 1 0,000000 0,000000 0,000000
15 1695203844 0,000000 1 0,000000 0,000000 0,000000
16 1695203844 0,000000 1 0,000000 0,000000 0,000000
13 1695203845 2,000000 1 2,000000 2,000000 2,000000
14 1695203845 0,000000 1 0,000000 0,000000 0,000000
15 1695203845 0,000000 1 0,000000 0,000000 0,000000
16 1695203845 0,000000 1 0,000000 0,000000 0,000000
13 1695203846 2,000000 1 2,000000 2,000000 2,000000
14 1695203846 0,000000 1 0,000000 0,000000 0,000000
15 1695203846 0,000000 1 0,000000 0,000000 0,000000
16 1695203846 0,000000 1 0,000000 0,000000 0,000000
13 1695203847 2,000000 1 2,000000 2,000000 2,000000
14 1695203847 0,000000 1 0,000000 0,000000 0,000000
15 1695203847 0,000000 1 0,000000 0,000000 0,000000
16 1695203847 0,000000 1 0,000000 0,000000 0,000000
13 1695203848 2,000000 1 2,000000 2,000000 2,000000
14 1695203848 0,000000 1 0,000000 0,000000 0,000000
15 1695203848 0,000000 1 0,000000 0,000000 0,000000
16 1695203848 0,000000 1 0,000000 0,000000 0,000000
13 1695203849 2,000000 1 2,000000 2,000000 2,000000
14 1695203849 0,000000 1 0,000000 0,000000 0,000000
15 1695203849 0,000000 1 0,000000 0,000000 0,000000
16 1695203849 0,000000 1 0,000000 0,000000 0,000000
13 1695203850 2,000000 1 2,000000 2,000000 2,000000
14 1695203850 0,000000 1 0,000000 0,000000 0,000000
15 1695203850 0,000000 1 0,000000 0,000000 0,000000
16 1695203850 0,000000 1 0,000000 0,000000 0,000000
13 1695203851 2,000000 1 2,000000 2,000000 2,000000
14 1695203851 0,000000 1 0,000000 0,000000 0,000000
15 1695203851 0,000000 1 0,000000 0,000000 0,000000
16 1695203851 0,000000 1 0,000000 0,000000 0,000000
13 1695203852 2,000000 1 2,000000 2,000000 2,000000
14 1695203852 0,000000 1 0,000000 0,000000 0,000000
15 1695203852 0,000000 1 0,000000 0,000000 0,000000
16 1695203852 0,000000 1 0,000000 0,000000 0,000000
13 1695203853 2,000000 1 2,000000 2,000000 2,000000
14 1695203853 0,000000 1 0,000000 0,000000 0,000000
15 1695203853 0,000000 1 0,000000 0,000000 0,000000
16 1695203853 0,000000 1 0,000000 0,000000 0,000000
13 1695203854 2,000000 1 2,000000 2,000000 2,000000
14 1695203854 0,000000 1 0,000000 0,000000 0,000000
15 1695203854 0,000000 1 0,000000 0,000000 0,000000
16 1695203854 0,000000 1 0,000000 0,000000 0,000000
13 1695203855 2,000000 1 2,000000 2,000000 2,000000
14 1695203855 0,000000 1 0,000000 0,000000 0,000000
15 1695203855 0,000000 1 0,000000 0,000000 0,000000
16 1695203855 0,000000 1 0,000000 0,000000 0,000000
13 1695203856 2,000000 1 2,000000 2,000000 2,000000
14 1695203856 0,000000 1 0,000000 0,000000 0,000000
15 1695203856 0,000000 1 0,000000 0,000000 0,000000
16 1695203856 0,000000 1 0,000000 0,000000 0,000000
13 1695203857 2,000000 1 2,000000 2,000000 2,000000
14 1695203857 0,000000 1 0,000000 0,000000 0,000000
15 1695203857 0,000000 1 0,000000 0,000000 0,000000
16 1695203857 0,000000 1 0,000000 0,000000 0,000000
13 1695203858 2,000000 1 2,000000 2,000000 2,000000
14 1695203858 0,000000 1 0,000000 0,000000 0,000000
15 1695203858 0,000000 1 0,000000 0,000000 0,000000
16 1695203858 0,000000 1 0,000000 0,000000 0,000000
13 1695203859 2,000000 1 2,000000 2,000000 2,000000
14 1695203859 0,000000 1 0,000000 0,000000 0,000000
15 1695203859 0,000000 1 0,000000 0,000000 0,000000
16 1695203859 0,000000 1 0,000000 0,000000 0,000000
13 1695203861 2,000000 1 2,000000 2,000000 2,000000
14 1695203861 0,000000 1 0,000000 0,000000 0,000000
15 1695203861 0,000000 1 0,000000 0,000000 0,000000
16 1695203861 0,000000 1 0,000000 0,000000 0,000000
13 1695203862 2,000000 1 2,000000 2,000000 2,000000
14 1695203862 0,000000 1 0,000000 0,000000 0,000000
15 1695203862 0,000000 1 0,000000 0,000000 0,000000
16 1695203862 0,000000 1 0,000000 0,000000 0,000000
13 1695203863 2,000000 1 2,000000 2,000000 2,000000
14 1695203863 0,000000 1 0,000000 0,000000 0,000000
15 1695203863 0,000000 1 0,000000 0,000000 0,000000
16 1695203863 0,000000 1 0,000000 0,000000 0,000000
13 1695203864 2,000000 1 2,000000 2,000000 2,000000
14 1695203864 0,000000 1 0,000000 0,000000 0,000000
15 1695203864 0,000000 1 0,000000 0,000000 0,000000
16 1695203864 0,000000 1 0,000000 0,000000 0,000000
13 1695203865 2,000000 1 2,000000 2,000000 2,000000
14 1695203865 0,000000 1 0,000000 0,000000 0,000000
15 1695203865 0,000000 1 0,000000 0,000000 0,000000
16 1695203865 0,000000 1 0,000000 0,000000 0,000000
13 1695203866 2,000000 1 2,000000 2,000000 2,000000
14 1695203866 0,000000 1 0,000000 0,000000 0,000000
15 1695203866 0,000000 1 0,000000 0,000000 0,000000
16 1695203866 0,000000 1 0,000000 0,000000 0,000000
13 1695203867 2,000000 1 2,000000 2,000000 2,000000
14 1695203867 0,000000 1 0,000000 0,000000 0,000000
15 1695203867 0,000000 1 0,000000 0,000000 0,000000
16 1695203867 0,000000 1 0,000000 0,000000 0,000000
13 1695203868 2,000000 1 2,000000 2,000000 2,000000
14 1695203868 0,000000 1 0,000000 0,000000 0,000000
15 1695203868 0,000000 1 0,000000 0,000000 0,000000
16 1695203868 0,000000 1 0,000000 0,000000 0,000000
13 1695203869 2,000000 1 2,000000 2,000000 2,000000
14 1695203869 0,000000 1 0,000000 0,000000 0,000000
15 1695203869 0,000000 1 0,000000 0,000000 0,000000
16 1695203869 0,000000 1 0,000000 0,000000 0,000000
13 1695203870 2,000000 1 2,000000 2,000000 2,000000
14 1695203870 0,000000 1 0,000000 0,000000 0,000000
15 1695203870 0,000000 1 0,000000 0,000000 0,000000
16 1695203870 0,000000 1 0,000000 0,000000 0,000000
13 1695203871 2,000000 1 2,000000 2,000000 2,000000
14 1695203871 0,000000 1 0,000000 0,000000 0,000000
15 1695203871 0,000000 1 0,000000 0,000000 0,000000
16 1695203871 0,000000 1 0,000000 0,000000 0,000000
13 1695203872 2,000000 1 2,000000 2,000000 2,000000
14 1695203872 0,000000 1 0,000000 0,000000 0,000000
15 1695203872 0,000000 1 0,000000 0,000000 0,000000
16 1695203872 0,000000 1 0,000000 0,000000 0,000000
13 1695203873 2,000000 1 2,000000 2,000000 2,000000
14 1695203873 0,000000 1 0,000000 0,000000 0,000000
15 1695203873 0,000000 1 0,000000 0,000000 0,000000
16 1695203873 0,000000 1 0,000000 0,000000 0,000000
13 1695203874 2,000000 1 2,000000 2,000000 2,000000
14 1695203874 0,000000 1 0,000000 0,000000 0,000000
15 1695203874 0,000000 1 0,000000 0,000000 0,000000
16 1695203874 0,000000 1 0,000000 0,000000 0,000000
13 1695203875 2,000000 1 2,000000 2,000000 2,000000
14 1695203875 0,000000 1 0,000000 0,000000 0,000000
15 1695203875 0,000000 1 0,000000 0,000000 0,000000
16 1695203875 0,000000 1 0,000000 0,000000 0,000000
13 1695203876 2,000000 1 2,000000 2,000000 2,000000
14 1695203876 0,000000 1 0,000000 0,000000 0,000000
15 1695203876 0,000000 1 0,000000 0,000000 0,000000
16 1695203876 0,000000 1 0,000000 0,000000 0,000000
13 1695203877 2,000000 1 2,000000 2,000000 2,000000
14 1695203877 0,000000 1 0,000000 0,000000 0,000000
15 1695203877 0,000000 1 0,000000 0,000000 0,000000
16 1695203877 0,000000 1 0,000000 0,000000 0,000000
13 1695203878 2,000000 1 2,000000 2,000000 2,000000
14 1695203878 0,000000 1 0,000000 0,000000 0,000000
15 1695203878 0,000000 1 0,000000 0,000000 0,000000
16 1695203878 0,000000 1 0,000000 0,000000 0,000000
13 1695203879 2,000000 1 2,000000 2,000000 2,000000
14 1695203879 0,000000 1 0,000000 0,000000 0,000000
15 1695203879 0,000000 1 0,000000 0,000000 0,000000
16 1695203879 0,000000 1 0,000000 0,000000 0,000000
13 1695203880 2,000000 1 2,000000 2,000000 2,000000
14 1695203880 0,000000 1 0,000000 0,000000 0,000000
15 1695203880 0,000000 1 0,000000 0,000000 0,000000
16 1695203880 0,000000 1 0,000000 0,000000 0,000000
13 1695203881 2,000000 1 2,000000 2,000000 2,000000
14 1695203881 0,000000 1 0,000000 0,000000 0,000000
15 1695203881 0,000000 1 0,000000 0,000000 0,000000
16 1695203881 0,000000 1 0,000000 0,000000 0,000000
13 1695203882 2,000000 1 2,000000 2,000000 2,000000
14 1695203882 0,000000 1 0,000000 0,000000 0,000000
15 1695203882 0,000000 1 0,000000 0,000000 0,000000
16 1695203882 0,000000 1 0,000000 0,000000 0,000000
13 1695203883 2,000000 1 2,000000 2,000000 2,000000
14 1695203883 0,000000 1 0,000000 0,000000 0,000000
15 1695203883 0,000000 1 0,000000 0,000000 0,000000
16 1695203883 0,000000 1 0,000000 0,000000 0,000000
13 1695203884 2,000000 1 2,000000 2,000000 2,000000
14 1695203884 0,000000 1 0,000000 0,000000 0,000000
15 1695203884 0,000000 1 0,000000 0,000000 0,000000
16 1695203884 0,000000 1 0,000000 0,000000 0,000000
13 1695203885 2,000000 1 2,000000 2,000000 2,000000
14 1695203885 0,000000 1 0,000000 0,000000 0,000000
15 1695203885 0,000000 1 0,000000 0,000000 0,000000
16 1695203885 0,000000 1 0,000000 0,000000 0,000000
13 1695203886 2,000000 1 2,000000 2,000000 2,000000
14 1695203886 0,000000 1 0,000000 0,000000 0,000000
15 1695203886 0,000000 1 0,000000 0,000000 0,000000
16 1695203886 0,000000 1 0,000000 0,000000 0,000000
13 1695203887 2,000000 1 2,000000 2,000000 2,000000
14 1695203887 0,000000 1 0,000000 0,000000 0,000000
15 1695203887 0,000000 1 0,000000 0,000000 0,000000
16 1695203887 0,000000 1 0,000000 0,000000 0,000000
13 1695203888 2,000000 1 2,000000 2,000000 2,000000
14 1695203888 0,000000 1 0,000000 0,000000 0,000000
15 1695203888 0,000000 1 0,000000 0,000000 0,000000
16 1695203888 0,000000 1 0,000000 0,000000 0,000000
13 1695203889 2,000000 1 2,000000 2,000000 2,000000
14 1695203889 0,000000 1 0,000000 0,000000 0,000000
15 1695203889 0,000000 1 0,000000 0,000000 0,000000
16 1695203889 0,000000 1 0,000000 0,000000 0,000000
13 1695203890 2,000000 1 2,000000 2,000000 2,000000
14 1695203890 0,000000 1 0,000000 0,000000 0,000000
15 1695203890 0,000000 1 0,000000 0,000000 0,000000
16 1695203890 0,000000 1 0,000000 0,000000 0,000000
13 1695203891 2,000000 1 2,000000 2,000000 2,000000
14 1695203891 0,000000 1 0,000000 0,000000 0,000000
15 1695203891 0,000000 1 0,000000 0,000000 0,000000
16 1695203891 0,000000 1 0,000000 0,000000 0,000000
13 1695203892 2,000000 1 2,000000 2,000000 2,000000
14 1695203892 0,000000 1 0,000000 0,000000 0,000000
15 1695203892 0,000000 1 0,000000 0,000000 0,000000
16 1695203892 0,000000 1 0,000000 0,000000 0,000000
13 1695203893 2,000000 1 2,000000 2,000000 2,000000
14 1695203893 0,000000 1 0,000000 0,000000 0,000000
15 1695203893 0,000000 1 0,000000 0,000000 0,000000
16 1695203893 0,000000 1 0,000000 0,000000 0,000000
13 1695203894 2,000000 1 2,000000 2,000000 2,000000
14 1695203894 0,000000 1 0,000000 0,000000 0,000000
15 1695203894 0,000000 1 0,000000 0,000000 0,000000
16 1695203894 0,000000 1 0,000000 0,000000 0,000000
13 1695203895 2,000000 1 2,000000 2,000000 2,000000
14 1695203895 0,000000 1 0,000000 0,000000 0,000000
15 1695203895 0,000000 1 0,000000 0,000000 0,000000
16 1695203895 0,000000 1 0,000000 0,000000 0,000000
13 1695203896 2,000000 1 2,000000 2,000000 2,000000
14 1695203896 0,000000 1 0,000000 0,000000 0,000000
15 1695203896 0,000000 1 0,000000 0,000000 0,000000
16 1695203896 0,000000 1 0,000000 0,000000 0,000000
13 1695203897 2,000000 1 2,000000 2,000000 2,000000
14 1695203897 0,000000 1 0,000000 0,000000 0,000000
15 1695203897 0,000000 1 0,000000 0,000000 0,000000
16 1695203897 0,000000 1 0,000000 0,000000 0,000000
13 1695203898 2,000000 1 2,000000 2,000000 2,000000
14 1695203898 0,000000 1 0,000000 0,000000 0,000000
15 1695203898 0,000000 1 0,000000 0,000000 0,000000
16 1695203898 0,000000 1 0,000000 0,000000 0,000000
13 1695203899 2,000000 1 2,000000 2,000000 2,000000
14 1695203899 0,000000 1 0,000000 0,000000 0,000000
15 1695203899 0,000000 1 0,000000 0,000000 0,000000
16 1695203899 0,000000 1 0,000000 0,000000 0,000000
13 1695203900 2,000000 1 2,000000 2,000000 2,000000
14 1695203900 0,000000 1 0,000000 0,000000 0,000000
15 1695203900 0,000000 1 0,000000 0,000000 0,000000
16 1695203900 0,000000 1 0,000000 0,000000 0,000000
13 1695203901 2,000000 1 2,000000 2,000000 2,000000
14 1695203901 0,000000 1 0,000000 0,000000 0,000000
15 1695203901 0,000000 1 0,000000 0,000000 0,000000
16 1695203901 0,000000 1 0,000000 0,000000 0,000000
13 1695203902 2,000000 1 2,000000 2,000000 2,000000
14 1695203902 0,000000 1 0,000000 0,000000 0,000000
15 1695203902 0,000000 1 0,000000 0,000000 0,000000
16 1695203902 0,000000 1 0,000000 0,000000 0,000000
13 1695203903 2,000000 1 2,000000 2,000000 2,000000
14 1695203903 0,000000 1 0,000000 0,000000 0,000000
15 1695203903 0,000000 1 0,000000 0,000000 0,000000
16 1695203903 0,000000 1 0,000000 0,000000 0,000000
13 1695203904 2,000000 1 2,000000 2,000000 2,000000
14 1695203904 0,000000 1 0,000000 0,000000 0,000000
15 1695203904 0,000000 1 0,000000 0,000000 0,000000
16 1695203904 0,000000 1 0,000000 0,000000 0,000000
13 1695203905 2,000000 1 2,000000 2,000000 2,000000
14 1695203905 0,000000 1 0,000000 0,000000 0,000000
15 1695203905 0,000000 1 0,000000 0,000000 0,000000
16 1695203905 0,000000 1 0,000000 0,000000 0,000000
13 1695203906 2,000000 1 2,000000 2,000000 2,000000
14 1695203906 0,000000 1 0,000000 0,000000 0,000000
15 1695203906 0,000000 1 0,000000 0,000000 0,000000
16 1695203906 0,000000 1 0,000000 0,000000 0,000000
13 1695203907 2,000000 1 2,000000 2,000000 2,000000
14 1695203907 0,000000 1 0,000000 0,000000 0,000000
15 1695203907 0,000000 1 0,000000 0,000000 0,000000
16 1695203907 0,000000 1 0,000000 0,000000 0,000000
13 1695203908 2,000000 1 2,000000 2,000000 2,000000
14 1695203908 0,000000 1 0,000000 0,000000 0,000000
15 1695203908 0,000000 1 0,000000 0,000000 0,000000
16 1695203908 0,000000 1 0,000000 0,000000 0,000000
13 1695203909 2,000000 1 2,000000 2,000000 2,000000
14 1695203909 0,000000 1 0,000000 0,000000 0,000000
15 1695203909 0,000000 1 0,000000 0,000000 0,000000
16 1695203909 0,000000 1 0,000000 0,000000 0,000000
13 1695203910 2,000000 1 2,000000 2,000000 2,000000
14 1695203910 0,000000 1 0,000000 0,000000 0,000000
15 1695203910 0,000000 1 0,000000 0,000000 0,000000
16 1695203910 0,000000 1 0,000000 0,000000 0,000000
13 1695203911 2,000000 1 2,000000 2,000000 2,000000
14 1695203911 0,000000 1 0,000000 0,000000 0,000000
15 1695203911 0,000000 1 0,000000 0,000000 0,000000
16 1695203911 0,000000 1 0,000000 0,000000 0,000000
13 1695203912 2,000000 1 2,000000 2,000000 2,000000
14 1695203912 0,000000 1 0,000000 0,000000 0,000000
15 1695203912 0,000000 1 0,000000 0,000000 0,000000
16 1695203912 0,000000 1 0,000000 0,000000 0,000000
13 1695203913 2,000000 1 2,000000 2,000000 2,000000
14 1695203913 0,000000 1 0,000000 0,000000 0,000000
15 1695203913 0,000000 1 0,000000 0,000000 0,000000
16 1695203913 0,000000 1 0,000000 0,000000 0,000000
13 1695203914 2,000000 1 2,000000 2,000000 2,000000
14 1695203914 0,000000 1 0,000000 0,000000 0,000000
15 1695203914 0,000000 1 0,000000 0,000000 0,000000
16 1695203914 0,000000 1 0,000000 0,000000 0,000000
13 1695203915 2,000000 1 2,000000 2,000000 2,000000
14 1695203915 0,000000 1 0,000000 0,000000 0,000000
15 1695203915 0,000000 1 0,000000 0,000000 0,000000
16 1695203915 0,000000 1 0,000000 0,000000 0,000000
13 1695203916 2,000000 1 2,000000 2,000000 2,000000
14 1695203916 0,000000 1 0,000000 0,000000 0,000000
15 1695203916 0,000000 1 0,000000 0,000000 0,000000
16 1695203916 0,000000 1 0,000000 0,000000 0,000000
13 1695203917 2,000000 1 2,000000 2,000000 2,000000
14 1695203917 0,000000 1 0,000000 0,000000 0,000000
15 1695203917 0,000000 1 0,000000 0,000000 0,000000
16 1695203917 0,000000 1 0,000000 0,000000 0,000000
13 1695203918 2,000000 1 2,000000 2,000000 2,000000
14 1695203918 0,000000 1 0,000000 0,000000 0,000000
15 1695203918 0,000000 1 0,000000 0,000000 0,000000
16 1695203918 0,000000 1 0,000000 0,000000 0,000000
13 1695203919 2,000000 1 2,000000 2,000000 2,000000
14 1695203919 0,000000 1 0,000000 0,000000 0,000000
15 1695203919 0,000000 1 0,000000 0,000000 0,000000
16 1695203919 0,000000 1 0,000000 0,000000 0,000000
13 1695203920 2,000000 1 2,000000 2,000000 2,000000
14 1695203920 0,000000 1 0,000000 0,000000 0,000000
15 1695203920 0,000000 1 0,000000 0,000000 0,000000
16 1695203920 0,000000 1 0,000000 0,000000 0,000000
13 1695203921 2,000000 1 2,000000 2,000000 2,000000
14 1695203921 0,000000 1 0,000000 0,000000 0,000000
15 1695203921 0,000000 1 0,000000 0,000000 0,000000
16 1695203921 0,000000 1 0,000000 0,000000 0,000000
13 1695203922 2,000000 1 2,000000 2,000000 2,000000
14 1695203922 0,000000 1 0,000000 0,000000 0,000000
15 1695203922 0,000000 1 0,000000 0,000000 0,000000
16 1695203922 0,000000 1 0,000000 0,000000 0,000000
13 1695203923 2,000000 1 2,000000 2,000000 2,000000
14 1695203923 0,000000 1 0,000000 0,000000 0,000000
15 1695203923 0,000000 1 0,000000 0,000000 0,000000
16 1695203923 0,000000 1 0,000000 0,000000 0,000000
13 1695203924 2,000000 1 2,000000 2,000000 2,000000
14 1695203924 0,000000 1 0,000000 0,000000 0,000000
15 1695203924 0,000000 1 0,000000 0,000000 0,000000
16 1695203924 0,000000 1 0,000000 0,000000 0,000000
13 1695203926 2,000000 1 2,000000 2,000000 2,000000
14 1695203926 0,000000 1 0,000000 0,000000 0,000000
15 1695203926 0,000000 1 0,000000 0,000000 0,000000
16 1695203926 0,000000 1 0,000000 0,000000 0,000000
13 1695203927 2,000000 1 2,000000 2,000000 2,000000
14 1695203927 0,000000 1 0,000000 0,000000 0,000000
15 1695203927 0,000000 1 0,000000 0,000000 0,000000
16 1695203927 0,000000 1 0,000000 0,000000 0,000000
13 1695203928 2,000000 1 2,000000 2,000000 2,000000
14 1695203928 0,000000 1 0,000000 0,000000 0,000000
15 1695203928 0,000000 1 0,000000 0,000000 0,000000
16 1695203928 0,000000 1 0,000000 0,000000 0,000000
13 1695203929 2,000000 1 2,000000 2,000000 2,000000
14 1695203929 0,000000 1 0,000000 0,000000 0,000000
15 1695203929 0,000000 1 0,000000 0,000000 0,000000
16 1695203929 0,000000 1 0,000000 0,000000 0,000000
13 1695203930 2,000000 1 2,000000 2,000000 2,000000
14 1695203930 0,000000 1 0,000000 0,000000 0,000000
15 1695203930 0,000000 1 0,000000 0,000000 0,000000
16 1695203930 0,000000 1 0,000000 0,000000 0,000000
13 1695203931 2,000000 1 2,000000 2,000000 2,000000
14 1695203931 0,000000 1 0,000000 0,000000 0,000000
15 1695203931 0,000000 1 0,000000 0,000000 0,000000
16 1695203931 0,000000 1 0,000000 0,000000 0,000000
13 1695203932 2,000000 1 2,000000 2,000000 2,000000
14 1695203932 0,000000 1 0,000000 0,000000 0,000000
15 1695203932 0,000000 1 0,000000 0,000000 0,000000
16 1695203932 0,000000 1 0,000000 0,000000 0,000000
13 1695203933 2,000000 1 2,000000 2,000000 2,000000
14 1695203933 0,000000 1 0,000000 0,000000 0,000000
15 1695203933 0,000000 1 0,000000 0,000000 0,000000
16 1695203933 0,000000 1 0,000000 0,000000 0,000000
13 1695203934 2,000000 1 2,000000 2,000000 2,000000
14 1695203934 0,000000 1 0,000000 0,000000 0,000000
15 1695203934 0,000000 1 0,000000 0,000000 0,000000
16 1695203934 0,000000 1 0,000000 0,000000 0,000000
13 1695203935 2,000000 1 2,000000 2,000000 2,000000
14 1695203935 0,000000 1 0,000000 0,000000 0,000000
15 1695203935 0,000000 1 0,000000 0,000000 0,000000
16 1695203935 0,000000 1 0,000000 0,000000 0,000000
13 1695203936 2,000000 1 2,000000 2,000000 2,000000
14 1695203936 0,000000 1 0,000000 0,000000 0,000000
15 1695203936 0,000000 1 0,000000 0,000000 0,000000
16 1695203936 0,000000 1 0,000000 0,000000 0,000000
13 1695203937 2,000000 1 2,000000 2,000000 2,000000
14 1695203937 0,000000 1 0,000000 0,000000 0,000000
15 1695203937 0,000000 1 0,000000 0,000000 0,000000
16 1695203937 0,000000 1 0,000000 0,000000 0,000000
13 1695203938 2,000000 1 2,000000 2,000000 2,000000
14 1695203938 0,000000 1 0,000000 0,000000 0,000000
15 1695203938 0,000000 1 0,000000 0,000000 0,000000
16 1695203938 0,000000 1 0,000000 0,000000 0,000000
13 1695203939 2,000000 1 2,000000 2,000000 2,000000
14 1695203939 0,000000 1 0,000000 0,000000 0,000000
15 1695203939 0,000000 1 0,000000 0,000000 0,000000
16 1695203939 0,000000 1 0,000000 0,000000 0,000000
13 1695203940 2,000000 1 2,000000 2,000000 2,000000
14 1695203940 0,000000 1 0,000000 0,000000 0,000000
15 1695203940 0,000000 1 0,000000 0,000000 0,000000
16 1695203940 0,000000 1 0,000000 0,000000 0,000000
13 1695203941 2,000000 1 2,000000 2,000000 2,000000
14 1695203941 0,000000 1 0,000000 0,000000 0,000000
15 1695203941 0,000000 1 0,000000 0,000000 0,000000
16 1695203941 0,000000 1 0,000000 0,000000 0,000000
13 1695203942 2,000000 1 2,000000 2,000000 2,000000
14 1695203942 0,000000 1 0,000000 0,000000 0,000000
15 1695203942 0,000000 1 0,000000 0,000000 0,000000
16 1695203942 0,000000 1 0,000000 0,000000 0,000000
13 1695203943 2,000000 1 2,000000 2,000000 2,000000
14 1695203943 0,000000 1 0,000000 0,000000 0,000000
15 1695203943 0,000000 1 0,000000 0,000000 0,000000
16 1695203943 0,000000 1 0,000000 0,000000 0,000000
13 1695203944 2,000000 1 2,000000 2,000000 2,000000
14 1695203944 0,000000 1 0,000000 0,000000 0,000000
15 1695203944 0,000000 1 0,000000 0,000000 0,000000
16 1695203944 0,000000 1 0,000000 0,000000 0,000000
13 1695203947 2,000000 1 2,000000 2,000000 2,000000
14 1695203947 0,000000 1 0,000000 0,000000 0,000000
15 1695203947 0,000000 1 0,000000 0,000000 0,000000
16 1695203947 0,000000 1 0,000000 0,000000 0,000000
13 1695203948 2,000000 1 2,000000 2,000000 2,000000
14 1695203948 0,000000 1 0,000000 0,000000 0,000000
15 1695203948 0,000000 1 0,000000 0,000000 0,000000
16 1695203948 0,000000 1 0,000000 0,000000 0,000000
13 1695203949 2,000000 1 2,000000 2,000000 2,000000
14 1695203949 0,000000 1 0,000000 0,000000 0,000000
15 1695203949 0,000000 1 0,000000 0,000000 0,000000
16 1695203949 0,000000 1 0,000000 0,000000 0,000000
13 1695203950 2,000000 1 2,000000 2,000000 2,000000
14 1695203950 0,000000 1 0,000000 0,000000 0,000000
15 1695203950 0,000000 1 0,000000 0,000000 0,000000
16 1695203950 0,000000 1 0,000000 0,000000 0,000000
13 1695203951 2,000000 1 2,000000 2,000000 2,000000
14 1695203951 0,000000 1 0,000000 0,000000 0,000000
15 1695203951 0,000000 1 0,000000 0,000000 0,000000
16 1695203951 0,000000 1 0,000000 0,000000 0,000000
13 1695203952 2,000000 1 2,000000 2,000000 2,000000
14 1695203952 0,000000 1 0,000000 0,000000 0,000000
15 1695203952 0,000000 1 0,000000 0,000000 0,000000
16 1695203952 0,000000 1 0,000000 0,000000 0,000000
13 1695203953 2,000000 1 2,000000 2,000000 2,000000
14 1695203953 0,000000 1 0,000000 0,000000 0,000000
15 1695203953 0,000000 1 0,000000 0,000000 0,000000
16 1695203953 0,000000 1 0,000000 0,000000 0,000000
13 1695203954 2,000000 1 2,000000 2,000000 2,000000
14 1695203954 0,000000 1 0,000000 0,000000 0,000000
15 1695203954 0,000000 1 0,000000 0,000000 0,000000
16 1695203954 0,000000 1 0,000000 0,000000 0,000000
13 1695203955 2,000000 1 2,000000 2,000000 2,000000
14 1695203955 0,000000 1 0,000000 0,000000 0,000000
15 1695203955 0,000000 1 0,000000 0,000000 0,000000
16 1695203955 0,000000 1 0,000000 0,000000 0,000000
13 1695203956 2,000000 1 2,000000 2,000000 2,000000
14 1695203956 0,000000 1 0,000000 0,000000 0,000000
15 1695203956 0,000000 1 0,000000 0,000000 0,000000
16 1695203956 0,000000 1 0,000000 0,000000 0,000000
13 1695203957 2,000000 1 2,000000 2,000000 2,000000
14 1695203957 0,000000 1 0,000000 0,000000 0,000000
15 1695203957 0,000000 1 0,000000 0,000000 0,000000
16 1695203957 0,000000 1 0,000000 0,000000 0,000000
13 1695203958 2,000000 1 2,000000 2,000000 2,000000
14 1695203958 0,000000 1 0,000000 0,000000 0,000000
15 1695203958 0,000000 1 0,000000 0,000000 0,000000
16 1695203958 0,000000 1 0,000000 0,000000 0,000000
13 1695203959 2,000000 1 2,000000 2,000000 2,000000
14 1695203959 0,000000 1 0,000000 0,000000 0,000000
15 1695203959 0,000000 1 0,000000 0,000000 0,000000
16 1695203959 0,000000 1 0,000000 0,000000 0,000000
13 1695203960 2,000000 1 2,000000 2,000000 2,000000
14 1695203960 0,000000 1 0,000000 0,000000 0,000000
15 1695203960 0,000000 1 0,000000 0,000000 0,000000
16 1695203960 0,000000 1 0,000000 0,000000 0,000000
13 1695203961 2,000000 1 2,000000 2,000000 2,000000
14 1695203961 0,000000 1 0,000000 0,000000 0,000000
15 1695203961 0,000000 1 0,000000 0,000000 0,000000
16 1695203961 0,000000 1 0,000000 0,000000 0,000000
13 1695203962 2,000000 1 2,000000 2,000000 2,000000
14 1695203962 0,000000 1 0,000000 0,000000 0,000000
15 1695203962 0,000000 1 0,000000 0,000000 0,000000
16 1695203962 0,000000 1 0,000000 0,000000 0,000000
13 1695203963 2,000000 1 2,000000 2,000000 2,000000
14 1695203963 0,000000 1 0,000000 0,000000 0,000000
15 1695203963 0,000000 1 0,000000 0,000000 0,000000
16 1695203963 0,000000 1 0,000000 0,000000 0,000000
13 1695203964 2,000000 1 2,000000 2,000000 2,000000
14 1695203964 0,000000 1 0,000000 0,000000 0,000000
15 1695203964 0,000000 1 0,000000 0,000000 0,000000
16 1695203964 0,000000 1 0,000000 0,000000 0,000000
13 1695203965 2,000000 1 2,000000 2,000000 2,000000
14 1695203965 0,000000 1 0,000000 0,000000 0,000000
15 1695203965 0,000000 1 0,000000 0,000000 0,000000
16 1695203965 0,000000 1 0,000000 0,000000 0,000000
13 1695203966 2,000000 1 2,000000 2,000000 2,000000
14 1695203966 0,000000 1 0,000000 0,000000 0,000000
15 1695203966 0,000000 1 0,000000 0,000000 0,000000
16 1695203966 0,000000 1 0,000000 0,000000 0,000000
13 1695203967 2,000000 1 2,000000 2,000000 2,000000
14 1695203967 0,000000 1 0,000000 0,000000 0,000000
15 1695203967 0,000000 1 0,000000 0,000000 0,000000
16 1695203967 0,000000 1 0,000000 0,000000 0,000000
13 1695203968 2,000000 1 2,000000 2,000000 2,000000
14 1695203968 0,000000 1 0,000000 0,000000 0,000000
15 1695203968 0,000000 1 0,000000 0,000000 0,000000
16 1695203968 0,000000 1 0,000000 0,000000 0,000000
13 1695203969 2,000000 1 2,000000 2,000000 2,000000
14 1695203969 0,000000 1 0,000000 0,000000 0,000000
15 1695203969 0,000000 1 0,000000 0,000000 0,000000
16 1695203969 0,000000 1 0,000000 0,000000 0,000000
13 1695203970 2,000000 1 2,000000 2,000000 2,000000
14 1695203970 0,000000 1 0,000000 0,000000 0,000000
15 1695203970 0,000000 1 0,000000 0,000000 0,000000
16 1695203970 0,000000 1 0,000000 0,000000 0,000000
13 1695203971 2,000000 1 2,000000 2,000000 2,000000
14 1695203971 0,000000 1 0,000000 0,000000 0,000000
15 1695203971 0,000000 1 0,000000 0,000000 0,000000
16 1695203971 0,000000 1 0,000000 0,000000 0,000000
13 1695203972 2,000000 1 2,000000 2,000000 2,000000
14 1695203972 0,000000 1 0,000000 0,000000 0,000000
15 1695203972 0,000000 1 0,000000 0,000000 0,000000
16 1695203972 0,000000 1 0,000000 0,000000 0,000000
13 1695203973 2,000000 1 2,000000 2,000000 2,000000
14 1695203973 0,000000 1 0,000000 0,000000 0,000000
15 1695203973 0,000000 1 0,000000 0,000000 0,000000
16 1695203973 0,000000 1 0,000000 0,000000 0,000000
13 1695203974 2,000000 1 2,000000 2,000000 2,000000
14 1695203974 0,000000 1 0,000000 0,000000 0,000000
15 1695203974 0,000000 1 0,000000 0,000000 0,000000
16 1695203974 0,000000 1 0,000000 0,000000 0,000000
13 1695203975 2,000000 1 2,000000 2,000000 2,000000
14 1695203975 0,000000 1 0,000000 0,000000 0,000000
15 1695203975 0,000000 1 0,000000 0,000000 0,000000
16 1695203975 0,000000 1 0,000000 0,000000 0,000000
13 1695203976 2,000000 1 2,000000 2,000000 2,000000
14 1695203976 0,000000 1 0,000000 0,000000 0,000000
15 1695203976 0,000000 1 0,000000 0,000000 0,000000
16 1695203976 0,000000 1 0,000000 0,000000 0,000000
13 1695203977 2,000000 1 2,000000 2,000000 2,000000
14 1695203977 0,000000 1 0,000000 0,000000 0,000000
15 1695203977 0,000000 1 0,000000 0,000000 0,000000
16 1695203977 0,000000 1 0,000000 0,000000 0,000000
13 1695203978 2,000000 1 2,000000 2,000000 2,000000
14 1695203978 0,000000 1 0,000000 0,000000 0,000000
15 1695203978 0,000000 1 0,000000 0,000000 0,000000
16 1695203978 0,000000 1 0,000000 0,000000 0,000000
13 1695203979 2,000000 1 2,000000 2,000000 2,000000
14 1695203979 0,000000 1 0,000000 0,000000 0,000000
15 1695203979 0,000000 1 0,000000 0,000000 0,000000
16 1695203979 0,000000 1 0,000000 0,000000 0,000000
13 1695203980 2,000000 1 2,000000 2,000000 2,000000
14 1695203980 0,000000 1 0,000000 0,000000 0,000000
15 1695203980 0,000000 1 0,000000 0,000000 0,000000
16 1695203980 0,000000 1 0,000000 0,000000 0,000000
13 1695203981 2,000000 1 2,000000 2,000000 2,000000
14 1695203981 0,000000 1 0,000000 0,000000 0,000000
15 1695203981 0,000000 1 0,000000 0,000000 0,000000
16 1695203981 0,000000 1 0,000000 0,000000 0,000000
13 1695203982 2,000000 1 2,000000 2,000000 2,000000
14 1695203982 0,000000 1 0,000000 0,000000 0,000000
15 1695203982 0,000000 1 0,000000 0,000000 0,000000
16 1695203982 0,000000 1 0,000000 0,000000 0,000000
13 1695203983 2,000000 1 2,000000 2,000000 2,000000
14 1695203983 0,000000 1 0,000000 0,000000 0,000000
15 1695203983 0,000000 1 0,000000 0,000000 0,000000
16 1695203983 0,000000 1 0,000000 0,000000 0,000000
13 1695203984 2,000000 1 2,000000 2,000000 2,000000
14 1695203984 0,000000 1 0,000000 0,000000 0,000000
15 1695203984 0,000000 1 0,000000 0,000000 0,000000
16 1695203984 0,000000 1 0,000000 0,000000 0,000000
13 1695203985 2,000000 1 2,000000 2,000000 2,000000
14 1695203985 0,000000 1 0,000000 0,000000 0,000000
15 1695203985 0,000000 1 0,000000 0,000000 0,000000
16 1695203985 0,000000 1 0,000000 0,000000 0,000000
13 1695203986 2,000000 1 2,000000 2,000000 2,000000
14 1695203986 0,000000 1 0,000000 0,000000 0,000000
15 1695203986 0,000000 1 0,000000 0,000000 0,000000
16 1695203986 0,000000 1 0,000000 0,000000 0,000000
13 1695203987 2,000000 1 2,000000 2,000000 2,000000
14 1695203987 0,000000 1 0,000000 0,000000 0,000000
15 1695203987 0,000000 1 0,000000 0,000000 0,000000
16 1695203987 0,000000 1 0,000000 0,000000 0,000000
13 1695203988 2,000000 1 2,000000 2,000000 2,000000
14 1695203988 0,000000 1 0,000000 0,000000 0,000000
15 1695203988 0,000000 1 0,000000 0,000000 0,000000
16 1695203988 0,000000 1 0,000000 0,000000 0,000000
13 1695203989 2,000000 1 2,000000 2,000000 2,000000
14 1695203989 0,000000 1 0,000000 0,000000 0,000000
15 1695203989 0,000000 1 0,000000 0,000000 0,000000
16 1695203989 0,000000 1 0,000000 0,000000 0,000000
13 1695203990 2,000000 1 2,000000 2,000000 2,000000
14 1695203990 0,000000 1 0,000000 0,000000 0,000000
15 1695203990 0,000000 1 0,000000 0,000000 0,000000
16 1695203990 0,000000 1 0,000000 0,000000 0,000000
13 1695203991 2,000000 1 2,000000 2,000000 2,000000
14 1695203991 0,000000 1 0,000000 0,000000 0,000000
15 1695203991 0,000000 1 0,000000 0,000000 0,000000
16 1695203991 0,000000 1 0,000000 0,000000 0,000000
13 1695203992 2,000000 1 2,000000 2,000000 2,000000
14 1695203992 0,000000 1 0,000000 0,000000 0,000000
15 1695203992 0,000000 1 0,000000 0,000000 0,000000
16 1695203992 0,000000 1 0,000000 0,000000 0,000000
13 1695203993 2,000000 1 2,000000 2,000000 2,000000
14 1695203993 0,000000 1 0,000000 0,000000 0,000000
15 1695203993 0,000000 1 0,000000 0,000000 0,000000
16 1695203993 0,000000 1 0,000000 0,000000 0,000000
13 1695203994 2,000000 1 2,000000 2,000000 2,000000
14 1695203994 0,000000 1 0,000000 0,000000 0,000000
15 1695203994 0,000000 1 0,000000 0,000000 0,000000
16 1695203994 0,000000 1 0,000000 0,000000 0,000000
13 1695203995 2,000000 1 2,000000 2,000000 2,000000
14 1695203995 0,000000 1 0,000000 0,000000 0,000000
15 1695203995 0,000000 1 0,000000 0,000000 0,000000
16 1695203995 0,000000 1 0,000000 0,000000 0,000000
13 1695203996 2,000000 1 2,000000 2,000000 2,000000
14 1695203996 0,000000 1 0,000000 0,000000 0,000000
15 1695203996 0,000000 1 0,000000 0,000000 0,000000
16 1695203996 0,000000 1 0,000000 0,000000 0,000000
13 1695203997 2,000000 1 2,000000 2,000000 2,000000
14 1695203997 0,000000 1 0,000000 0,000000 0,000000
15 1695203997 0,000000 1 0,000000 0,000000 0,000000
16 1695203997 0,000000 1 0,000000 0,000000 0,000000
13 1695203998 2,000000 1 2,000000 2,000000 2,000000
14 1695203998 0,000000 1 0,000000 0,000000 0,000000
15 1695203998 0,000000 1 0,000000 0,000000 0,000000
16 1695203998 0,000000 1 0,000000 0,000000 0,000000
13 1695204000 2,000000 1 2,000000 2,000000 2,000000
14 1695204000 0,000000 1 0,000000 0,000000 0,000000
15 1695204000 0,000000 1 0,000000 0,000000 0,000000
16 1695204000 0,000000 1 0,000000 0,000000 0,000000
13 1695204001 2,000000 1 2,000000 2,000000 2,000000
14 1695204001 0,000000 1 0,000000 0,000000 0,000000
15 1695204001 0,000000 1 0,000000 0,000000 0,000000
16 1695204001 0,000000 1 0,000000 0,000000 0,000000
13 1695204002 2,000000 1 2,000000 2,000000 2,000000
14 1695204002 0,000000 1 0,000000 0,000000 0,000000
15 1695204002 0,000000 1 0,000000 0,000000 0,000000
16 1695204002 0,000000 1 0,000000 0,000000 0,000000
13 1695204003 2,000000 1 2,000000 2,000000 2,000000
14 1695204003 0,000000 1 0,000000 0,000000 0,000000
15 1695204003 0,000000 1 0,000000 0,000000 0,000000
16 1695204003 0,000000 1 0,000000 0,000000 0,000000
13 1695204004 2,000000 1 2,000000 2,000000 2,000000
14 1695204004 0,000000 1 0,000000 0,000000 0,000000
15 1695204004 0,000000 1 0,000000 0,000000 0,000000
16 1695204004 0,000000 1 0,000000 0,000000 0,000000
13 1695204005 2,000000 1 2,000000 2,000000 2,000000
14 1695204005 0,000000 1 0,000000 0,000000 0,000000
15 1695204005 0,000000 1 0,000000 0,000000 0,000000
16 1695204005 0,000000 1 0,000000 0,000000 0,000000
13 1695204006 2,000000 1 2,000000 2,000000 2,000000
14 1695204006 0,000000 1 0,000000 0,000000 0,000000
15 1695204006 0,000000 1 0,000000 0,000000 0,000000
16 1695204006 0,000000 1 0,000000 0,000000 0,000000
13 1695204007 2,000000 1 2,000000 2,000000 2,000000
14 1695204007 0,000000 1 0,000000 0,000000 0,000000
15 1695204007 0,000000 1 0,000000 0,000000 0,000000
16 1695204007 0,000000 1 0,000000 0,000000 0,000000
13 1695204008 2,000000 1 2,000000 2,000000 2,000000
14 1695204008 0,000000 1 0,000000 0,000000 0,000000
15 1695204008 0,000000 1 0,000000 0,000000 0,000000
16 1695204008 0,000000 1 0,000000 0,000000 0,000000
13 1695204009 2,000000 1 2,000000 2,000000 2,000000
14 1695204009 0,000000 1 0,000000 0,000000 0,000000
15 1695204009 0,000000 1 0,000000 0,000000 0,000000
16 1695204009 0,000000 1 0,000000 0,000000 0,000000
13 1695204010 2,000000 1 2,000000 2,000000 2,000000
14 1695204010 0,000000 1 0,000000 0,000000 0,000000
15 1695204010 0,000000 1 0,000000 0,000000 0,000000
16 1695204010 0,000000 1 0,000000 0,000000 0,000000
13 1695204011 2,000000 1 2,000000 2,000000 2,000000
14 1695204011 0,000000 1 0,000000 0,000000 0,000000
15 1695204011 0,000000 1 0,000000 0,000000 0,000000
16 1695204011 0,000000 1 0,000000 0,000000 0,000000
13 1695204012 2,000000 1 2,000000 2,000000 2,000000
14 1695204012 0,000000 1 0,000000 0,000000 0,000000
15 1695204012 0,000000 1 0,000000 0,000000 0,000000
16 1695204012 0,000000 1 0,000000 0,000000 0,000000
13 1695204013 2,000000 1 2,000000 2,000000 2,000000
14 1695204013 0,000000 1 0,000000 0,000000 0,000000
15 1695204013 0,000000 1 0,000000 0,000000 0,000000
16 1695204013 0,000000 1 0,000000 0,000000 0,000000
13 1695204014 2,000000 1 2,000000 2,000000 2,000000
14 1695204014 0,000000 1 0,000000 0,000000 0,000000
15 1695204014 0,000000 1 0,000000 0,000000 0,000000
16 1695204014 0,000000 1 0,000000 0,000000 0,000000
13 1695204015 2,000000 1 2,000000 2,000000 2,000000
14 1695204015 0,000000 1 0,000000 0,000000 0,000000
15 1695204015 0,000000 1 0,000000 0,000000 0,000000
16 1695204015 0,000000 1 0,000000 0,000000 0,000000
13 1695204016 2,000000 1 2,000000 2,000000 2,000000
14 1695204016 0,000000 1 0,000000 0,000000 0,000000
15 1695204016 0,000000 1 0,000000 0,000000 0,000000
16 1695204016 0,000000 1 0,000000 0,000000 0,000000
13 1695204017 2,000000 1 2,000000 2,000000 2,000000
14 1695204017 0,000000 1 0,000000 0,000000 0,000000
15 1695204017 0,000000 1 0,000000 0,000000 0,000000
16 1695204017 0,000000 1 0,000000 0,000000 0,000000
13 1695204018 2,000000 1 2,000000 2,000000 2,000000
14 1695204018 0,000000 1 0,000000 0,000000 0,000000
15 1695204018 0,000000 1 0,000000 0,000000 0,000000
16 1695204018 0,000000 1 0,000000 0,000000 0,000000
13 1695204019 2,000000 1 2,000000 2,000000 2,000000
14 1695204019 0,000000 1 0,000000 0,000000 0,000000
15 1695204019 0,000000 1 0,000000 0,000000 0,000000
16 1695204019 0,000000 1 0,000000 0,000000 0,000000
13 1695204020 2,000000 1 2,000000 2,000000 2,000000
14 1695204020 0,000000 1 0,000000 0,000000 0,000000
15 1695204020 0,000000 1 0,000000 0,000000 0,000000
16 1695204020 0,000000 1 0,000000 0,000000 0,000000
13 1695204021 2,000000 1 2,000000 2,000000 2,000000
14 1695204021 0,000000 1 0,000000 0,000000 0,000000
15 1695204021 0,000000 1 0,000000 0,000000 0,000000
16 1695204021 0,000000 1 0,000000 0,000000 0,000000
13 1695204022 2,000000 1 2,000000 2,000000 2,000000
14 1695204022 0,000000 1 0,000000 0,000000 0,000000
15 1695204022 0,000000 1 0,000000 0,000000 0,000000
16 1695204022 0,000000 1 0,000000 0,000000 0,000000
13 1695204023 2,000000 1 2,000000 2,000000 2,000000
14 1695204023 0,000000 1 0,000000 0,000000 0,000000
15 1695204023 0,000000 1 0,000000 0,000000 0,000000
16 1695204023 0,000000 1 0,000000 0,000000 0,000000
13 1695204024 2,000000 1 2,000000 2,000000 2,000000
14 1695204024 0,000000 1 0,000000 0,000000 0,000000
15 1695204024 0,000000 1 0,000000 0,000000 0,000000
16 1695204024 0,000000 1 0,000000 0,000000 0,000000
13 1695204025 2,000000 1 2,000000 2,000000 2,000000
14 1695204025 0,000000 1 0,000000 0,000000 0,000000
15 1695204025 0,000000 1 0,000000 0,000000 0,000000
16 1695204025 0,000000 1 0,000000 0,000000 0,000000
13 1695204026 2,000000 1 2,000000 2,000000 2,000000
14 1695204026 0,000000 1 0,000000 0,000000 0,000000
15 1695204026 0,000000 1 0,000000 0,000000 0,000000
16 1695204026 0,000000 1 0,000000 0,000000 0,000000
13 1695204027 2,000000 1 2,000000 2,000000 2,000000
14 1695204027 0,000000 1 0,000000 0,000000 0,000000
15 1695204027 0,000000 1 0,000000 0,000000 0,000000
16 1695204027 0,000000 1 0,000000 0,000000 0,000000
13 1695204028 2,000000 1 2,000000 2,000000 2,000000
14 1695204028 0,000000 1 0,000000 0,000000 0,000000
15 1695204028 0,000000 1 0,000000 0,000000 0,000000
16 1695204028 0,000000 1 0,000000 0,000000 0,000000
13 1695204029 2,000000 1 2,000000 2,000000 2,000000
14 1695204029 0,000000 1 0,000000 0,000000 0,000000
15 1695204029 0,000000 1 0,000000 0,000000 0,000000
16 1695204029 0,000000 1 0,000000 0,000000 0,000000
13 1695204030 2,000000 1 2,000000 2,000000 2,000000
14 1695204030 0,000000 1 0,000000 0,000000 0,000000
15 1695204030 0,000000 1 0,000000 0,000000 0,000000
16 1695204030 0,000000 1 0,000000 0,000000 0,000000
13 1695204031 2,000000 1 2,000000 2,000000 2,000000
14 1695204031 0,000000 1 0,000000 0,000000 0,000000
15 1695204031 0,000000 1 0,000000 0,000000 0,000000
16 1695204031 0,000000 1 0,000000 0,000000 0,000000
13 1695204032 2,000000 1 2,000000 2,000000 2,000000
14 1695204032 0,000000 1 0,000000 0,000000 0,000000
15 1695204032 0,000000 1 0,000000 0,000000 0,000000
16 1695204032 0,000000 1 0,000000 0,000000 0,000000
13 1695204033 2,000000 1 2,000000 2,000000 2,000000
14 1695204033 0,000000 1 0,000000 0,000000 0,000000
15 1695204033 0,000000 1 0,000000 0,000000 0,000000
16 1695204033 0,000000 1 0,000000 0,000000 0,000000
13 1695204034 2,000000 1 2,000000 2,000000 2,000000
14 1695204034 0,000000 1 0,000000 0,000000 0,000000
15 1695204034 0,000000 1 0,000000 0,000000 0,000000
16 1695204034 0,000000 1 0,000000 0,000000 0,000000
13 1695204035 2,000000 1 2,000000 2,000000 2,000000
14 1695204035 0,000000 1 0,000000 0,000000 0,000000
15 1695204035 0,000000 1 0,000000 0,000000 0,000000
16 1695204035 0,000000 1 0,000000 0,000000 0,000000
13 1695204036 2,000000 1 2,000000 2,000000 2,000000
14 1695204036 0,000000 1 0,000000 0,000000 0,000000
15 1695204036 0,000000 1 0,000000 0,000000 0,000000
16 1695204036 0,000000 1 0,000000 0,000000 0,000000
13 1695204037 2,000000 1 2,000000 2,000000 2,000000
14 1695204037 0,000000 1 0,000000 0,000000 0,000000
15 1695204037 0,000000 1 0,000000 0,000000 0,000000
16 1695204037 0,000000 1 0,000000 0,000000 0,000000
13 1695204038 2,000000 1 2,000000 2,000000 2,000000
14 1695204038 0,000000 1 0,000000 0,000000 0,000000
15 1695204038 0,000000 1 0,000000 0,000000 0,000000
16 1695204038 0,000000 1 0,000000 0,000000 0,000000
13 1695204039 2,000000 1 2,000000 2,000000 2,000000
14 1695204039 0,000000 1 0,000000 0,000000 0,000000
15 1695204039 0,000000 1 0,000000 0,000000 0,000000
16 1695204039 0,000000 1 0,000000 0,000000 0,000000
13 1695204040 2,000000 1 2,000000 2,000000 2,000000
14 1695204040 0,000000 1 0,000000 0,000000 0,000000
15 1695204040 0,000000 1 0,000000 0,000000 0,000000
16 1695204040 0,000000 1 0,000000 0,000000 0,000000
13 1695204041 2,000000 1 2,000000 2,000000 2,000000
14 1695204041 0,000000 1 0,000000 0,000000 0,000000
15 1695204041 0,000000 1 0,000000 0,000000 0,000000
16 1695204041 0,000000 1 0,000000 0,000000 0,000000
13 1695204042 2,000000 1 2,000000 2,000000 2,000000
14 1695204042 0,000000 1 0,000000 0,000000 0,000000
15 1695204042 0,000000 1 0,000000 0,000000 0,000000
16 1695204042 0,000000 1 0,000000 0,000000 0,000000
13 1695204043 2,000000 1 2,000000 2,000000 2,000000
14 1695204043 0,000000 1 0,000000 0,000000 0,000000
15 1695204043 0,000000 1 0,000000 0,000000 0,000000
16 1695204043 0,000000 1 0,000000 0,000000 0,000000
13 1695204044 2,000000 1 2,000000 2,000000 2,000000
14 1695204044 0,000000 1 0,000000 0,000000 0,000000
15 1695204044 0,000000 1 0,000000 0,000000 0,000000
16 1695204044 0,000000 1 0,000000 0,000000 0,000000
13 1695204045 2,000000 1 2,000000 2,000000 2,000000
14 1695204045 0,000000 1 0,000000 0,000000 0,000000
15 1695204045 0,000000 1 0,000000 0,000000 0,000000
16 1695204045 0,000000 1 0,000000 0,000000 0,000000
13 1695204046 2,000000 1 2,000000 2,000000 2,000000
14 1695204046 0,000000 1 0,000000 0,000000 0,000000
15 1695204046 0,000000 1 0,000000 0,000000 0,000000
16 1695204046 0,000000 1 0,000000 0,000000 0,000000
13 1695204047 2,000000 1 2,000000 2,000000 2,000000
14 1695204047 0,000000 1 0,000000 0,000000 0,000000
15 1695204047 0,000000 1 0,000000 0,000000 0,000000
16 1695204047 0,000000 1 0,000000 0,000000 0,000000
13 1695204048 2,000000 1 2,000000 2,000000 2,000000
14 1695204048 0,000000 1 0,000000 0,000000 0,000000
15 1695204048 0,000000 1 0,000000 0,000000 0,000000
16 1695204048 0,000000 1 0,000000 0,000000 0,000000
13 1695204049 2,000000 1 2,000000 2,000000 2,000000
14 1695204049 0,000000 1 0,000000 0,000000 0,000000
15 1695204049 0,000000 1 0,000000 0,000000 0,000000
16 1695204049 0,000000 1 0,000000 0,000000 0,000000
13 1695204050 2,000000 1 2,000000 2,000000 2,000000
14 1695204050 0,000000 1 0,000000 0,000000 0,000000
15 1695204050 0,000000 1 0,000000 0,000000 0,000000
16 1695204050 0,000000 1 0,000000 0,000000 0,000000
13 1695204051 2,000000 1 2,000000 2,000000 2,000000
14 1695204051 0,000000 1 0,000000 0,000000 0,000000
15 1695204051 0,000000 1 0,000000 0,000000 0,000000
16 1695204051 0,000000 1 0,000000 0,000000 0,000000
13 1695204052 2,000000 1 2,000000 2,000000 2,000000
14 1695204052 0,000000 1 0,000000 0,000000 0,000000
15 1695204052 0,000000 1 0,000000 0,000000 0,000000
16 1695204052 0,000000 1 0,000000 0,000000 0,000000
13 1695204053 2,000000 1 2,000000 2,000000 2,000000
14 1695204053 0,000000 1 0,000000 0,000000 0,000000
15 1695204053 0,000000 1 0,000000 0,000000 0,000000
16 1695204053 0,000000 1 0,000000 0,000000 0,000000
13 1695204054 2,000000 1 2,000000 2,000000 2,000000
14 1695204054 0,000000 1 0,000000 0,000000 0,000000
15 1695204054 0,000000 1 0,000000 0,000000 0,000000
16 1695204054 0,000000 1 0,000000 0,000000 0,000000
13 1695204055 2,000000 1 2,000000 2,000000 2,000000
14 1695204055 0,000000 1 0,000000 0,000000 0,000000
15 1695204055 0,000000 1 0,000000 0,000000 0,000000
16 1695204055 0,000000 1 0,000000 0,000000 0,000000
13 1695204056 2,000000 1 2,000000 2,000000 2,000000
14 1695204056 0,000000 1 0,000000 0,000000 0,000000
15 1695204056 0,000000 1 0,000000 0,000000 0,000000
16 1695204056 0,000000 1 0,000000 0,000000 0,000000
13 1695204057 2,000000 1 2,000000 2,000000 2,000000
14 1695204057 0,000000 1 0,000000 0,000000 0,000000
15 1695204057 0,000000 1 0,000000 0,000000 0,000000
16 1695204057 0,000000 1 0,000000 0,000000 0,000000
13 1695204058 2,000000 1 2,000000 2,000000 2,000000
14 1695204058 0,000000 1 0,000000 0,000000 0,000000
15 1695204058 0,000000 1 0,000000 0,000000 0,000000
16 1695204058 0,000000 1 0,000000 0,000000 0,000000
13 1695204059 2,000000 1 2,000000 2,000000 2,000000
14 1695204059 0,000000 1 0,000000 0,000000 0,000000
15 1695204059 0,000000 1 0,000000 0,000000 0,000000
16 1695204059 0,000000 1 0,000000 0,000000 0,000000
13 1695204060 2,000000 1 2,000000 2,000000 2,000000
14 1695204060 0,000000 1 0,000000 0,000000 0,000000
15 1695204060 0,000000 1 0,000000 0,000000 0,000000
16 1695204060 0,000000 1 0,000000 0,000000 0,000000
13 1695204061 2,000000 1 2,000000 2,000000 2,000000
14 1695204061 0,000000 1 0,000000 0,000000 0,000000
15 1695204061 0,000000 1 0,000000 0,000000 0,000000
16 1695204061 0,000000 1 0,000000 0,000000 0,000000
13 1695204062 2,000000 1 2,000000 2,000000 2,000000
14 1695204062 0,000000 1 0,000000 0,000000 0,000000
15 1695204062 0,000000 1 0,000000 0,000000 0,000000
16 1695204062 0,000000 1 0,000000 0,000000 0,000000
13 1695204063 2,000000 1 2,000000 2,000000 2,000000
14 1695204063 0,000000 1 0,000000 0,000000 0,000000
15 1695204063 0,000000 1 0,000000 0,000000 0,000000
16 1695204063 0,000000 1 0,000000 0,000000 0,000000
13 1695204064 2,000000 1 2,000000 2,000000 2,000000
14 1695204064 0,000000 1 0,000000 0,000000 0,000000
15 1695204064 0,000000 1 0,000000 0,000000 0,000000
16 1695204064 0,000000 1 0,000000 0,000000 0,000000
13 1695204066 2,000000 1 2,000000 2,000000 2,000000
14 1695204066 0,000000 1 0,000000 0,000000 0,000000
15 1695204066 0,000000 1 0,000000 0,000000 0,000000
16 1695204066 0,000000 1 0,000000 0,000000 0,000000
13 1695204067 2,000000 1 2,000000 2,000000 2,000000
14 1695204067 0,000000 1 0,000000 0,000000 0,000000
15 1695204067 0,000000 1 0,000000 0,000000 0,000000
16 1695204067 0,000000 1 0,000000 0,000000 0,000000
13 1695204068 2,000000 1 2,000000 2,000000 2,000000
14 1695204068 0,000000 1 0,000000 0,000000 0,000000
15 1695204068 0,000000 1 0,000000 0,000000 0,000000
16 1695204068 0,000000 1 0,000000 0,000000 0,000000
13 1695204069 2,000000 1 2,000000 2,000000 2,000000
14 1695204069 0,000000 1 0,000000 0,000000 0,000000
15 1695204069 0,000000 1 0,000000 0,000000 0,000000
16 1695204069 0,000000 1 0,000000 0,000000 0,000000
13 1695204070 2,000000 1 2,000000 2,000000 2,000000
14 1695204070 0,000000 1 0,000000 0,000000 0,000000
15 1695204070 0,000000 1 0,000000 0,000000 0,000000
16 1695204070 0,000000 1 0,000000 0,000000 0,000000
13 1695204071 2,000000 1 2,000000 2,000000 2,000000
14 1695204071 0,000000 1 0,000000 0,000000 0,000000
15 1695204071 0,000000 1 0,000000 0,000000 0,000000
16 1695204071 0,000000 1 0,000000 0,000000 0,000000
13 1695204072 2,000000 1 2,000000 2,000000 2,000000
14 1695204072 0,000000 1 0,000000 0,000000 0,000000
15 1695204072 0,000000 1 0,000000 0,000000 0,000000
16 1695204072 0,000000 1 0,000000 0,000000 0,000000
13 1695204073 2,000000 1 2,000000 2,000000 2,000000
14 1695204073 0,000000 1 0,000000 0,000000 0,000000
15 1695204073 0,000000 1 0,000000 0,000000 0,000000
16 1695204073 0,000000 1 0,000000 0,000000 0,000000
13 1695204074 2,000000 1 2,000000 2,000000 2,000000
14 1695204074 0,000000 1 0,000000 0,000000 0,000000
15 1695204074 0,000000 1 0,000000 0,000000 0,000000
16 1695204074 0,000000 1 0,000000 0,000000 0,000000
13 1695204075 2,000000 1 2,000000 2,000000 2,000000
14 1695204075 0,000000 1 0,000000 0,000000 0,000000
15 1695204075 0,000000 1 0,000000 0,000000 0,000000
16 1695204075 0,000000 1 0,000000 0,000000 0,000000
13 1695204076 2,000000 1 2,000000 2,000000 2,000000
14 1695204076 0,000000 1 0,000000 0,000000 0,000000
15 1695204076 0,000000 1 0,000000 0,000000 0,000000
16 1695204076 0,000000 1 0,000000 0,000000 0,000000
13 1695204077 2,000000 1 2,000000 2,000000 2,000000
14 1695204077 0,000000 1 0,000000 0,000000 0,000000
15 1695204077 0,000000 1 0,000000 0,000000 0,000000
16 1695204077 0,000000 1 0,000000 0,000000 0,000000
13 1695204078 2,000000 1 2,000000 2,000000 2,000000
14 1695204078 0,000000 1 0,000000 0,000000 0,000000
15 1695204078 0,000000 1 0,000000 0,000000 0,000000
16 1695204078 0,000000 1 0,000000 0,000000 0,000000
13 1695204079 2,000000 1 2,000000 2,000000 2,000000
14 1695204079 0,000000 1 0,000000 0,000000 0,000000
15 1695204079 0,000000 1 0,000000 0,000000 0,000000
16 1695204079 0,000000 1 0,000000 0,000000 0,000000
13 1695204080 2,000000 1 2,000000 2,000000 2,000000
14 1695204080 0,000000 1 0,000000 0,000000 0,000000
15 1695204080 0,000000 1 0,000000 0,000000 0,000000
16 1695204080 0,000000 1 0,000000 0,000000 0,000000
13 1695204081 2,000000 1 2,000000 2,000000 2,000000
14 1695204081 0,000000 1 0,000000 0,000000 0,000000
15 1695204081 0,000000 1 0,000000 0,000000 0,000000
16 1695204081 0,000000 1 0,000000 0,000000 0,000000
13 1695204082 2,000000 1 2,000000 2,000000 2,000000
14 1695204082 0,000000 1 0,000000 0,000000 0,000000
15 1695204082 0,000000 1 0,000000 0,000000 0,000000
16 1695204082 0,000000 1 0,000000 0,000000 0,000000
13 1695204083 2,000000 1 2,000000 2,000000 2,000000
14 1695204083 0,000000 1 0,000000 0,000000 0,000000
15 1695204083 0,000000 1 0,000000 0,000000 0,000000
16 1695204083 0,000000 1 0,000000 0,000000 0,000000
13 1695204084 2,000000 1 2,000000 2,000000 2,000000
14 1695204084 0,000000 1 0,000000 0,000000 0,000000
15 1695204084 0,000000 1 0,000000 0,000000 0,000000
16 1695204084 0,000000 1 0,000000 0,000000 0,000000
13 1695204085 2,000000 1 2,000000 2,000000 2,000000
14 1695204085 0,000000 1 0,000000 0,000000 0,000000
15 1695204085 0,000000 1 0,000000 0,000000 0,000000
16 1695204085 0,000000 1 0,000000 0,000000 0,000000
13 1695204086 1,000000 1 1,000000 1,000000 1,000000
14 1695204086 0,000000 1 0,000000 0,000000 0,000000
15 1695204086 1,000000 1 1,000000 1,000000 1,000000
16 1695204086 0,000000 1 0,000000 0,000000 0,000000
13 1695204087 1,000000 1 1,000000 1,000000 1,000000
14 1695204087 0,000000 1 0,000000 0,000000 0,000000
15 1695204087 1,000000 1 1,000000 1,000000 1,000000
16 1695204087 0,000000 1 0,000000 0,000000 0,000000
13 1695204088 1,000000 1 1,000000 1,000000 1,000000
14 1695204088 0,000000 1 0,000000 0,000000 0,000000
15 1695204088 1,000000 1 1,000000 1,000000 1,000000
16 1695204088 0,000000 1 0,000000 0,000000 0,000000
13 1695204089 1,000000 1 1,000000 1,000000 1,000000
14 1695204089 0,000000 1 0,000000 0,000000 0,000000
15 1695204089 1,000000 1 1,000000 1,000000 1,000000
16 1695204089 0,000000 1 0,000000 0,000000 0,000000
13 1695204090 0,000000 1 0,000000 0,000000 0,000000
14 1695204090 0,000000 1 0,000000 0,000000 0,000000
15 1695204090 2,000000 1 2,000000 2,000000 2,000000
16 1695204090 0,000000 1 0,000000 0,000000 0,000000
